6274.8380299342
5992.4961811837
5724.6442158285
5470.4537619567
5229.1483730402
5000
4782.3257207906
4575.4847074498
4378.8754122168
4191.9329558334
4014.1267025235
3844.9580074083
3683.9581232672
3530.6862546099
3384.7277479901
3245.6924083714
3113.2129321704
2986.9434483365
2866.5581595128
2751.7500759396
2642.2298353386
2537.7246025346
2437.977043058
2342.7443654091
2251.7974270736
2164.9198997519
2081.9074896069
2002.5672086523
1926.716693693
1854.1835694977
1784.8048531295
1718.4263965883
1654.9023651271
1594.0947487989
1535.8729049681
1480.1131296834

